5132 265
1828 338
1780 275
3107 536
2381 409
1542 213
3418 587
1953 303
1533 139
1494 247
4131 583
1914 268
3041 449
2079 374
3692 739
4562 655
1543 240
2235 267
2312 353
1714 254
1534 188
2933 487
1449 222
1632 259
2045 445
2421 369
3225 407
3529 456
1715 221
2530 389
1193 139
3550 563
1657 350
1748 363
2582 509
3470 527
1957 330
3378 624
4138 707
5294 455
2062 351
4815 379
2462 399
4072 519
949 50
1142 82
1242 173
2559 469
1690 243
2375 482
6226 824
2684 440
1262 278
4293 730
1763 220
1496 202
3518 686
1911 396
1770 275
2576 375
1447 231
1373 165
1649 349
1815 255
1808 195
1915 421
1717 269
3060 562
2444 468
2594 390
4103 240
1855 322
3641 650
1425 311
1467 197
2233 351
1698 311
2810 471
1161 149
1790 284
1425 152
2368 386
3863 666
3889 607
2914 637
1206 107
1893 329
1908 353
1954 306
2620 544
1211 135
2425 464
1879 372
1948 266
3104 520
1426 179
3963 136
2157 418
1842 353
7545 904
