66986 625
28894 462
287297 952
130755 1426
58418 986
25652 397
22842 349
139250 497
4285 165
24953 400
37897 416
1021080 164
7402 150
292331 1458
29614 543
155339 665
76483 768
445084 1935
227684 1183
72393 914
132812 1023
64208 808
2969 112
1021077 572
10575 226
57103 403
6538 160
87381 970
235362 932
146777 1097
336799 993
173184 1259
291233 1600
26754 390
67050 870
93472 999
14670 454
161675 506
20024 393
156497 1221
95317 767
5487 205
43221 579
123065 1083
21175 273
91298 841
9026 215
261268 1303
40788 448
1011 79
176429 1018
244342 1027
93317 730
58292 577
3622 101
17883 396
48329 546
87081 801
61419 808
11842 305
96511 843
1021080 1096
1021080 666
23211 585
193772 653
11752 305
87869 844
191624 1338
149746 1265
63133 832
559 44
148941 1505
237897 1095
25710 237
205418 1229
383439 1657
246850 1433
78699 929
156968 847
212149 1190
195268 1645
22882 464
143733 1572
311093 964
1001 70
141380 982
213623 925
37048 497
15533 148
11410 409
181048 881
11141 310
19576 492
14323 436
1021080 333
136513 559
100908 710
239428 1285
5110 252
94598 782
