1021080 265
10752 338
47191 275
80854 536
47494 409
16448 213
194861 587
46371 303
6775 139
34225 247
197903 583
17828 268
218318 449
61180 374
47731 739
300761 655
24040 240
22514 267
69951 353
11117 254
15622 188
90925 487
9465 222
55694 259
49732 445
15578 369
226323 407
297986 456
6933 221
93130 389
9287 139
199389 563
36463 350
26187 363
76010 509
164231 527
82622 330
84554 624
268137 707
1021080 455
41788 351
1021080 379
17581 399
268930 519
1151 50
2243 82
19974 173
69280 469
24037 243
23105 482
510277 824
109615 440
9916 278
296654 730
16966 220
34803 202
63505 686
28236 396
76987 275
110484 375
33273 231
14254 165
95801 349
169885 255
16956 195
53119 421
24692 269
31138 562
76939 468
195860 390
1021080 240
32308 322
196463 650
7725 311
32095 197
55769 351
52061 311
39775 471
18687 149
137607 284
6367 152
48082 386
179309 666
256650 607
60399 637
3904 107
78071 329
28302 353
102947 306
68802 544
6291 135
46348 464
82016 372
28893 266
216700 520
6557 179
1021080 136
12368 418
20476 353
746382 904
