2639 625
2052 462
3625 952
4213 1426
3267 986
1426 397
1693 349
2110 497
1116 165
1679 400
1388 416
3214 164
1102 150
4735 1458
1836 543
2426 665
2510 768
7269 1935
4120 1183
3231 914
3381 1023
3265 808
987 112
4234 572
1243 226
1887 403
1161 160
3543 970
3324 932
3644 1097
3969 993
4199 1259
5345 1600
1896 390
3072 870
3391 999
2248 454
2247 506
1820 393
3988 1221
2456 767
1138 205
2230 579
3983 1083
1415 273
2710 841
1240 215
4989 1303
1547 448
902 79
3900 1018
3790 1027
2754 730
2343 577
1065 101
1505 396
1694 546
2773 801
2842 808
1667 305
3007 843
5883 1096
3840 666
2337 585
2428 653
1344 305
3123 844
4708 1338
4151 1265
3126 832
851 44
4599 1505
3880 1095
1298 237
3983 1229
5528 1657
5289 1433
3061 929
3004 847
3593 1190
5005 1645
1954 464
4322 1572
3626 964
904 70
3322 982
3142 925
1900 497
1154 148
1841 409
3412 881
1455 310
1810 492
1871 436
3574 333
2103 559
2973 710
4340 1285
1263 252
2727 782
