1988 337
522 148
832 316
495 137
990 392
830 313
1697 207
568 187
723 248
531 161
480 126
938 362
656 223
1114 445
882 331
665 200
806 300
1480 565
1832 345
943 293
409 78
778 274
661 237
575 183
671 236
1087 425
821 308
512 182
628 222
360 52
466 116
458 112
529 157
985 389
559 175
460 114
1143 455
515 153
284 2
536 180
1183 464
895 214
1066 420
685 258
1283 521
894 373
450 102
663 204
567 182
1221 487
385 67
675 256
635 191
684 245
723 259
506 132
987 416
373 54
789 294
927 395
465 129
539 158
553 174
785 283
406 77
702 267
926 372
793 303
646 213
789 327
1176 543
879 339
870 352
470 117
607 198
540 166
620 207
1004 389
1059 423
684 237
844 328
1412 551
1158 452
535 168
900 343
724 267
979 380
965 367
780 288
887 359
2020 425
1388 535
1403 468
761 306
642 219
921 376
595 179
530 153
549 161
661 222
