359999 270
14555 110
100153 371
170894 334
22846 162
56618 238
158338 384
70674 287
164930 486
45173 216
40196 179
170130 358
105668 431
84594 305
109924 286
351 15
123557 337
28880 144
272091 497
61450 281
102445 250
136376 377
290948 594
24297 149
164115 396
95283 326
2423 53
159405 401
14010 121
109533 338
44847 227
125094 394
129574 357
70221 241
9361 98
102134 280
25026 136
200675 434
21118 149
159718 420
32882 187
25783 153
114788 295
17813 140
50708 229
7616 86
29175 170
3354 45
161587 336
136552 340
73325 256
8661 86
86923 325
63134 259
128395 322
68428 221
81860 249
261976 467
136912 470
18882 122
30005 171
63823 233
10912 93
12495 134
3567 51
5400 64
91153 301
92308 286
197436 377
150804 582
359999 413
144748 340
2359 45
67084 335
97649 276
155841 437
61379 233
88262 266
254762 444
123250 366
168889 382
5817 72
96946 357
218118 419
32288 171
21392 156
194420 364
120738 363
134979 340
54977 188
359999 398
15000 121
359999 338
103448 330
105386 318
149374 330
175380 419
62235 223
53598 188
116740 396
