35384 337
5957 148
31077 316
3659 137
50700 392
25257 313
359999 207
4031 187
20429 248
4917 161
3783 126
38430 362
8049 223
53969 445
35826 331
9068 200
28463 300
102888 565
359999 345
14938 293
1714 78
24801 274
5636 237
8816 183
7211 236
32988 425
23448 308
4885 182
4543 222
491 52
4350 116
4174 112
6848 157
47607 389
1039 175
4196 114
56244 455
7770 153
8 2
9919 180
63823 464
2752 214
56271 420
7782 258
72509 521
17680 373
2765 102
9596 204
8744 182
73112 487
756 67
2589 256
3205 191
12445 245
14909 259
5939 132
24166 416
1086 54
26144 294
22643 395
4793 129
5188 158
5276 174
26634 283
1485 77
7016 267
27051 372
29084 303
15162 213
25471 327
32817 543
35632 339
20483 352
4332 117
3605 198
4255 166
10201 207
47707 389
52351 423
18733 237
29841 328
97780 551
60423 452
8402 168
38520 343
23411 267
47540 380
37436 367
25589 288
24985 359
359999 425
92578 535
30843 468
10937 306
3467 219
30940 376
10553 179
3306 153
6392 161
16089 222
