2374 270
582 110
1419 371
1696 334
621 162
786 238
1295 384
999 287
1270 486
709 216
646 179
1320 358
1135 431
964 305
1023 286
295 15
1148 337
546 144
1987 497
754 281
977 250
1254 377
1971 594
629 149
1342 396
989 326
368 53
1259 401
383 121
1102 338
683 227
1201 394
1115 357
818 241
445 98
1016 280
561 136
1529 434
526 149
1330 420
627 187
558 153
1050 295
382 140
723 229
401 86
575 170
350 45
1350 336
1220 340
847 256
460 86
983 325
822 259
1318 322
855 221
957 249
1946 467
1344 470
492 122
590 171
787 233
447 93
325 134
362 51
385 64
1122 301
981 286
1547 377
1592 582
2061 413
1239 340
367 45
1026 335
977 276
1385 437
782 233
934 266
1843 444
1191 366
1431 382
391 72
1069 357
1662 419
626 171
556 156
1556 364
1228 363
1202 340
710 188
2248 398
486 121
1934 338
1051 330
1158 318
1253 330
1406 419
790 223
709 188
1216 396
