23583 149
13358 119
10689 164
95207 378
46789 228
41139 204
4594 288
19097 163
32132 152
3525 184
28469 145
34652 220
3314 142
69100 452
42920 236
60276 246
15739 109
44442 244
9440 140
61104 299
35206 557
18080 274
6500 154
13986 148
21486 183
32056 172
16420 508
37170 240
155677 254
63065 430
4309 157
32512 169
7369 122
28081 294
30062 164
102762 495
25631 241
3343 172
10186 180
2930 148
155677 218
25898 327
86389 346
11056 161
7978 152
6537 179
40854 213
85879 283
1690 142
41147 181
17385 188
8583 126
48180 188
34541 135
14538 152
67826 141
68179 322
35030 474
5237 186
155676 158
24152 141
40564 374
4966 119
26951 137
5694 134
61388 197
30182 404
4304 143
40276 196
53974 222
4934 126
1011 49
25259 220
25756 285
19172 114
3982 157
10428 151
87236 359
24454 195
7829 348
96072 449
7086 172
10823 118
11453 295
155676 111
10473 202
109702 265
81799 379
7395 77
25918 203
20320 131
41221 252
14484 231
15489 168
14084 137
37617 308
37746 237
3520 150
43576 117
32284 139
