149 106
384 405
226 315
168 163
242 284
264 392
560 724
286 389
157 59
295 466
156 88
638 868
150 110
207 267
230 352
399 505
224 271
145 75
251 277
213 319
292 420
385 389
138 124
738 837
537 625
160 106
219 140
300 461
320 354
252 321
378 615
253 259
191 139
403 494
314 428
276 368
221 276
219 255
267 317
252 295
445 682
202 202
267 332
408 688
304 293
196 288
265 334
138 27
404 433
161 137
190 146
324 470
311 403
514 685
438 492
204 241
401 511
162 124
538 433
292 366
189 192
288 380
160 91
144 112
252 311
403 582
168 112
213 155
159 144
174 193
449 508
286 351
216 296
160 172
209 230
206 243
216 319
208 170
337 383
314 447
157 195
344 362
264 293
482 211
185 166
310 521
162 163
185 176
401 590
263 200
243 391
497 765
212 176
288 311
306 522
241 226
456 800
225 243
529 383
255 300
