185 149
155 119
246 164
492 378
298 228
268 204
341 288
204 163
253 152
240 184
226 145
249 220
191 142
395 452
324 236
352 246
206 109
302 244
185 140
357 299
506 557
240 274
186 154
177 148
295 183
234 172
503 508
365 240
574 254
541 430
223 157
250 169
172 122
284 294
233 164
521 495
261 241
214 172
169 180
225 148
497 218
412 327
405 346
189 161
198 152
171 179
297 213
465 283
204 142
254 181
206 188
172 126
295 188
255 135
187 152
311 141
359 322
454 474
214 186
549 158
208 141
419 374
159 119
221 137
174 134
339 197
319 404
159 143
269 196
326 222
158 126
138 49
253 220
273 285
183 114
239 157
184 151
509 359
215 195
391 348
648 449
212 172
172 118
329 295
441 111
222 202
552 265
533 379
148 77
280 203
177 131
299 252
258 231
200 168
189 137
370 308
273 237
179 150
250 117
206 139
