8262 106
72603 405
19006 315
3616 163
11237 284
13652 392
76181 724
30919 389
626 59
20692 466
847 88
105799 868
1912 110
13538 267
11365 352
42026 505
11183 271
468 75
7041 277
16626 319
29402 420
65204 389
4139 124
155676 837
84265 625
1336 106
1991 140
31370 461
19484 354
32563 321
49843 615
24485 259
950 139
63171 494
24909 428
15587 368
13606 276
12153 255
26677 317
9162 295
26306 682
4109 202
8377 332
46113 688
46394 293
11803 288
37745 334
171 27
27312 433
1811 137
3838 146
29666 470
33977 403
82180 685
60892 492
8331 241
68708 511
1890 124
155677 433
28882 366
4423 192
25373 380
1738 91
1333 112
15407 311
39910 582
962 112
4215 155
3682 144
12828 193
64774 508
43393 351
12719 296
5114 172
7305 230
7330 243
9838 319
1358 170
28608 383
35732 447
3218 195
49847 362
17849 293
155677 211
3902 166
15926 521
5616 163
5832 176
55560 590
41034 200
27995 391
68903 765
4850 176
48405 311
27803 522
21819 226
56911 800
11178 243
155676 383
6099 300
