83 479
104 389
51 218
51 129
50 112
79 278
43 85
57 206
114 508
50 108
54 126
55 150
68 209
135 472
130 414
58 189
49 92
129 427
55 201
118 275
127 195
86 267
48 72
144 575
101 491
51 84
134 377
66 186
62 198
90 253
116 467
86 277
64 255
66 180
53 120
51 146
64 173
56 147
81 231
60 165
63 206
89 444
60 192
60 147
139 227
114 463
155 395
80 237
93 344
124 391
56 130
72 216
66 279
57 235
108 294
58 112
55 157
86 249
133 327
73 210
47 69
57 87
85 256
51 149
127 402
115 331
97 439
46 61
72 275
129 451
59 149
81 374
137 490
68 200
57 108
123 355
100 445
69 222
57 131
144 421
69 201
74 247
49 113
132 344
63 220
62 203
132 586
53 117
46 59
89 262
64 175
52 69
48 62
104 358
107 316
82 304
83 300
53 112
123 348
54 150
