15394 479
31621 389
4620 218
6402 129
6058 112
21559 278
1885 85
8221 206
24209 508
2765 108
4544 126
3928 150
13904 209
46113 472
44288 414
7200 189
1496 92
37242 427
1809 201
38122 275
52269 195
20896 267
2579 72
37306 575
21970 491
2971 84
48921 377
11595 186
7231 198
23884 253
25770 467
20473 277
8967 255
12924 180
5711 120
3694 146
11056 173
5921 147
12227 231
5673 165
8689 206
17091 444
6380 192
10000 147
52268 227
29294 463
40050 395
8120 237
20733 344
38579 391
5331 130
11780 216
8503 279
5384 235
26487 294
3811 112
3617 157
18041 249
41255 327
12376 210
677 69
4346 87
20817 256
4335 149
34230 402
36914 331
19383 439
2243 61
14538 275
40869 451
4132 149
11607 374
36718 490
9762 200
5629 108
41504 355
23128 445
9094 222
6982 131
43679 421
11829 201
16795 247
1983 113
40768 344
9139 220
8490 203
28982 586
5293 117
600 59
17043 262
2900 175
1897 69
1405 62
28767 358
32435 316
17393 304
18458 300
2962 112
34849 348
4964 150
