11663 341
52468 257
1510 106
19708 247
3600 104
6209 179
16893 302
9044 149
3921 163
17285 275
24789 301
3089 145
30899 449
35220 313
20962 387
33224 367
6391 143
15417 406
6053 246
20645 211
3356 280
2564 180
25674 317
263 38
34967 325
17167 331
2453 132
7277 317
12516 335
9217 339
535 62
13189 263
1925 231
316 37
24088 347
14636 256
527 45
9686 255
14887 539
14670 249
7780 137
25766 415
34813 419
8565 95
43309 548
13979 239
25665 303
25204 577
30672 257
52469 121
40324 326
134 33
25584 379
25704 380
52468 195
9919 121
41766 438
18965 553
19927 282
24779 501
52469 104
12260 156
3213 166
18471 357
19343 323
3107 103
2858 186
9948 329
18151 426
3028 242
16717 431
8263 203
22321 471
2677 146
718 96
34496 507
7966 175
9857 143
29896 465
20426 312
2024 138
6766 167
5185 324
15306 233
8681 252
13913 356
2811 130
13933 395
13163 285
18736 468
8239 281
1885 70
16621 288
66 19
17243 214
25140 267
24098 601
11509 313
1405 75
52469 288
