67 341
139 257
51 106
80 247
52 104
59 179
75 302
63 149
56 163
75 275
101 301
54 145
109 449
106 313
90 387
104 367
67 143
98 406
62 246
82 211
63 280
55 180
99 317
47 38
108 325
85 331
64 132
73 317
77 335
75 339
45 62
73 263
61 231
45 37
91 347
75 256
46 45
68 255
98 539
91 249
60 137
103 415
111 419
59 95
134 548
83 239
92 303
114 577
98 257
120 121
126 326
45 33
100 379
99 380
125 195
60 121
131 438
103 553
85 282
105 501
138 104
65 156
51 166
87 357
86 323
49 103
56 186
73 329
91 426
59 242
89 431
61 203
110 471
53 146
48 96
112 507
61 175
64 143
104 465
84 312
53 138
57 167
78 324
77 233
65 252
83 356
54 130
85 395
74 285
95 468
66 281
48 70
79 288
43 19
82 214
90 267
107 601
75 313
45 75
128 288
